266340849387419452,
266340849387419016,
266340849387419242,
266340849387421645,
266340849387419885,
266340849387417434,
266340849387415251,
266340849387429809,
266340849387422082,
266340849387415620,
266340849387418313,
266340849387420090,
266340849387420311,
266340849387424934,
266340849387414816,
266340849387418064,
266340849387414086,
266340849387439971,
266340849387418558,
266340849387421027,
266340849387417827,
266340849387420552,
266340849387421428,
266340849387419634,
266340849387417677,
266340849387421302,
266340849387421866
